0.009457935386040449
0.0096922587795345
0.009918644056247632
0.010138383158903301
0.010352553501796367
0.010562056629838517
0.010767649272116797
0.010969968415345891
0.011169551647928048
0.011366853743167274
0.011562260236213713
0.011756098585993304
0.011948647387940577
0.012140144006438888
0.012330790920572463
0.012520761017972417
0.012710202025350989
0.012899240227872144
0.013087983600612323
0.01327652445235321
0.013464941663542992
0.013653302585479591
0.013841664655848549
0.01403007677609913
0.014218580488302207
0.014407210982741711
0.014595997962261928
0.014784966385100635
0.014974137104403653
0.015163527419697528
0.015353151553178731
0.015543021061669441
0.01573314519341658
0.015923531197513423
0.01611418459255308
0.016305109400140856
0.01649630834806627
0.016687783047238416
0.016879534145899343
0.01707156146413121
0.017263864111249316
0.017456440588312874
0.0176492888776785
0.01784240652125902
0.018035790688926176
0.018229438238303503
